5
167 0
143 294
110 10
28 128
120 19
56 131
41 46
114 104
103 132
77 141
110 67
49 54
10 3
142 34
6 66
141 89
137 124
84 19
98 21
81 43
26 51
71 84
3 135
49 14
105 98
41 101
89 109
86 59
120 136
109 121
87 106
62 71
76 47
38 106
33 113
2 112
8 1
41 51
121 26
76 8
79 17
45 130
36 58
105 8
28 3
93 143
40 106
99 49
53 126
65 116
87 76
47 102
95 39
29 82
129 98
125 7
52 95
40 97
62 53
110 83
82 22
5 56
119 98
131 45
72 131
102 40
134 20
90 9
86 12
129 86
6 47
122 46
79 143
86 24
96 19
100 53
85 47
96 67
32 9
56 37
57 109
76 70
34 138
68 36
7 39
70 93
56 27
68 81
40 16
11 69
50 10
41 121
41 28
97 52
40 120
66 142
36 50
31 111
50 113
72 31
73 114
69 49
139 125
78 49
125 110
125 5
89 27
97 53
60 17
111 100
113 119
11 23
13 47
62 66
132 47
79 137
83 14
9 100
70 79
121 15
35 125
57 1
57 27
8 131
52 128
34 41
52 80
83 76
51 129
16 135
143 106
38 6
81 129
25 46
36 61
113 110
75 70
50 87
142 82
59 28
121 102
142 77
67 65
31 125
76 52
3 51
20 86
129 83
25 19
8 96
22 9
102 46
22 81
83 55
10 25
6 101
37 136
22 116
94 11
28 7
100 77
14 47
111 65
45 114
48 17
89 33
143 142
125 94
120 28
57 43
53 27
47 32
127 53
46 15
87 85
52 115
33 83
46 18
41 86
106 39
83 141
56 3
50 19
102 36
72 58
112 133
140 72
96 38
138 125
74 72
38 26
14 111
18 49
132 51
25 77
71 27
137 13
2 45
134 138
127 135
2 17
98 23
34 33
104 91
17 25
9 33
83 21
82 1
17 97
120 113
136 91
82 108
38 62
24 103
73 65
126 39
121 3
134 35
140 111
129 53
102 83
37 46
135 120
121 120
56 102
81 126
40 50
29 87
108 113
44 47
124 86
80 101
83 108
66 106
20 28
52 25
85 39
133 8
39 21
135 24
14 143
123 83
36 18
119 116
45 63
34 65
116 96
67 140
126 9
37 125
39 54
59 9
83 106
50 70
43 10
124 101
30 73
121 74
96 81
110 73
34 92
127 121
8 85
77 122
11 131
121 69
44 121
65 38
61 137
76 89
44 8
57 30
56 2
136 78
27 45
139 17
72 119
134 24
26 10
17 106
19 23
97 136
36 22
57 13
19 63
130 36
104 29
24 51
116 25
92 36
74 34
46 5
29 103
8 62
15 112
67 106
177 240
86 79
27 67
86 157
142 86
12 40
29 149
35 115
125 134
56 135
65 53
35 46
15 50
26 166
164 134
166 74
27 127
177 110
27 80
141 9
55 109
64 158
18 149
27 13
163 104
39 160
47 116
27 135
73 161
165 44
138 176
2 115
78 27
113 109
101 109
169 86
168 146
6 141
123 109
15 85
162 134
161 104
20 15
46 154
86 127
161 31
48 1
38 149
160 12
40 46
13 146
75 115
34 46
98 36
56 167
15 52
130 109
118 161
149 83
86 170
86 91
39 112
61 161
14 115
9 12
68 15
131 15
105 120
39 45
47 108
74 104
12 61
172 130
57 126
108 48
151 165
137 133
137 9
48 80
53 90
115 69
120 80
139 176
144 46
56 148
146 93
82 141
14 165
37 110
8 110
162 39
53 78
51 110
164 48
141 127
123 134
17 36
70 164
47 99
146 33
176 133
97 12
137 82
21 137
144 56
15 122
27 91
23 163
170 48
158 23
104 47
44 134
168 74
116 110
120 164
146 11
12 82
171 165
144 149
115 76
27 111
126 53
170 27
115 42
129 86
23 56
86 71
46 89
115 32
47 123
154 161
26 41
39 159
47 16
51 12
136 27
134 142
172 4
1 53
174 161
47 10
129 158
100 47
142 165
40 141
39 68
100 176
61 86
146 102
118 115
84 86
120 52
57 173
125 26
57 82
3 46
126 109
121 163
149 77
46 108
120 64
174 56
12 131
57 18
110 40
134 85
36 49
19 176
48 154
146 139
176 145
20 158
131 120
30 158
12 128
36 63
95 15
53 40
51 165
74 79
141 5
141 73
134 124
58 110
19 163
52 27
124 74
41 86
115 52
56 59
96 115
30 15
57 75
16 176
58 163
15 71
53 91
46 151
26 131
164 74
172 62
55 26
137 84
153 120
72 109
105 57
45 172
163 71
4 137
27 113
53 79
93 86
91 158
53 45
162 141
49 134
14 46
47 69
58 158
12 66
102 137
109 41
109 65
76 134
136 134
66 137
110 65
171 172
31 158
108 86
50 172
31 36
109 133
161 81
42 53
175 158
101 27
120 174
70 147
15 34
162 176
168 238
167 83
30 95
145 160
19 152
49 54
162 84
21 2
150 64
115 8
97 53
43 83
3 48
120 136
51 39
158 86
66 26
119 74
72 33
92 54
140 11
107 9
143 8
52 3
115 131
75 115
64 108
43 69
42 25
157 41
6 56
148 69
104 142
82 15
24 167
135 43
133 83
146 49
74 130
67 108
51 118
23 57
23 14
2 40
68 115
9 49
140 38
83 54
119 147
44 98
9 39
61 31
123 8
154 17
112 56
88 42
162 125
111 165
104 126
99 164
89 158
127 74
105 145
16 18
70 67
161 167
85 1
37 23
109 31
116 159
114 67
122 30
70 54
86 59
159 39
117 146
168 23
106 51
116 11
28 103
151 147
36 74
51 81
56 166
37 63
80 45
161 146
115 14
64 136
84 120
32 80
110 54
52 97
112 147
154 156
56 136
110 148
64 45
138 58
63 70
93 46
77 90
159 58
13 59
127 16
110 85
18 43
38 155
59 25
133 149
23 48
135 102
94 28
61 54
69 104
21 85
33 154
133 12
87 61
132 151
39 54
46 82
90 133
147 107
86 167
59 140
159 100
25 132
163 115
46 134
27 80
104 45
138 134
75 162
2 76
89 31
122 113
28 125
47 144
139 102
2 41
13 147
5 88
5 116
146 95
152 122
142 157
34 139
10 37
156 167
118 56
43 62
137 72
138 149
2 19
26 153
111 95
66 44
83 16
60 56
147 36
87 106
137 64
115 155
121 128
147 22
124 123
152 149
20 15
25 31
158 142
31 95
91 139
16 94
128 7
125 64
42 168
43 27
101 74
41 15
68 120
103 67
3 82
156 72
112 115
165 56
131 34
101 147
151 71
139 54
15 73
148 168
150 71
117 34
24 38
44 61
54 25
81 64
44 52
23 81
1 145
17 30
66 5
91 60
143 119
49 143
40 97
50 46
92 158
71 22
54 134
54 33
88 147
44 112
124 16
148 18
123 25
22 46
120 125
65 98
71 116
54 156
47 20
158 4
74 110
115 150
145 7
97 82
94 9
5 40
75 56
87 27
142 43
6 3
145 119
61 167
123 135
54 14
26 122
100 280
37 66
97 72
51 15
61 17
73 72
89 27
43 97
88 82
22 25
19 29
62 15
88 24
30 13
54 21
43 39
37 83
82 72
87 89
86 25
32 5
71 17
74 69
33 99
9 35
59 43
83 75
57 29
11 94
80 14
83 3
53 83
16 21
72 56
23 91
98 18
74 36
95 66
16 74
79 100
19 95
39 15
79 32
74 82
30 3
24 25
43 71
93 94
81 43
75 19
14 34
67 33
10 17
50 15
30 75
25 34
21 29
43 69
30 76
79 51
99 87
3 21
42 35
28 15
5 80
32 74
53 30
47 14
67 14
3 33
94 18
25 8
68 21
3 94
89 79
94 80
83 45
57 68
42 91
98 10
85 87
57 96
55 14
43 41
8 17
73 25
62 74
48 17
30 60
54 57
2 94
65 57
14 6
13 79
19 82
27 23
49 30
26 74
17 86
76 17
73 88
78 5
99 88
93 66
27 3
27 68
26 98
77 27
45 5
87 4
39 74
66 36
94 36
10 43
63 43
14 24
65 35
57 20
80 15
14 29
88 10
58 5
15 29
19 16
27 12
14 69
77 91
56 98
30 69
37 88
79 23
10 35
35 55
54 5
47 72
48 15
31 35
86 30
45 15
80 25
19 69
21 69
17 80
43 90
30 64
43 6
35 85
65 79
8 21
91 18
36 14
15 54
50 79
80 33
44 48
66 64
83 1
5 63
98 85
12 5
69 44
21 96
9 25
58 88
92 14
13 57
72 96
8 91
38 19
34 74
26 43
43 65
88 50
23 19
60 19
33 20
76 66
98 64
21 85
23 98
53 35
44 11
94 89
3 15
91 81
1 25
43 82
35 64
83 29
94 16
80 98
65 91
17 11
5 82
33 86
34 30
12 15
75 14
55 21
35 52
72 20
82 15
76 57
88 47
5 92
49 17
60 15
66 85
22 33
75 66
25 51
100 15
9 44
50 14
88 46
58 33
33 50
38 79
18 27
45 74
91 59
21 75
2 83
80 83
44 81
15 97
81 27
68 43
36 79
96 66
74 75
7 74
74 40
95 57
25 18
71 14
49 21
94 13
21 24
49 27
7 98
60 91
74 22
21 65
43 34
83 82
57 4
25 55
9 17
9 14
67 72
31 79
53 98
98 49
74 77
18 35
15 22
27 20
43 42
43 51
14 13
88 68
41 25
33 2
7 72
94 42
100 98
83 34
62 66
33 69
93 33
94 95
98 1
75 17
36 88
98 75
51 57
74 99
27 13
49 88
57 55
