1000 1000 199
125 437
367 936
534 532
963 622
795 444
293 499
140 157
599 43
945 968
589 942
717 761
964 66
867 732
159 898
551 274
45 407
370 30
106 705
781 990
800 928
808 742
11 762
683 590
226 67
185 397
944 242
494 147
446 419
868 501
571 550
108 140
239 264
471 244
516 515
643 780
178 29
219 549
465 145
777 593
158 397
354 439
624 203
305 261
994 242
529 132
680 887
580 751
382 571
883 435
682 189
231 274
612 709
358 830
845 154
399 686
422 200
622 431
949 14
341 850
778 475
717 971
546 629
842 345
32 75
748 133
180 563
613 614
912 603
85 624
784 366
10 763
66 27
998 25
869 663
775 453
496 855
837 897
743 128
468 856
522 86
133 231
781 776
418 539
414 27
873 47
717 941
940 89
697 818
71 352
416 192
64 627
568 664
362 177
769 910
57 792
180 135
757 782
129 703
37 962
373 737
641 948
992 487
223 743
474 725
195 382
295 962
485 230
902 821
540 749
658 824
50 197
203 282
548 679
555 188
372 190
867 924
486 279
890 435
418 702
592 125
279 515
658 565
387 949
591 932
558 296
129 502
71 833
931 144
36 625
321 172
213 732
152 812
617 528
244 359
834 303
226 223
848 271
54 894
889 338
198 42
125 627
917 582
751 927
761 729
359 724
658 73
72 740
611 608
609 839
376 666
569 827
127 294
715 356
864 412
612 31
789 473
113 575
390 463
431 908
1000 385
971 938
200 27
464 877
436 820
711 243
769 576
355 204
64 250
259 532
497 304
603 566
229 28
18 809
391 802
186 30
778 804
378 343
228 703
872 47
55 423
847 200
177 775
320 823
471 232
711 591
50 307
241 527
142 997
558 399
298 165
622 595
167 107
108 622
899 330
957 234
677 406
698 924
570 749
372 177
371 557
129 12
443 383
290 669
526 708
983 353
980 945
223 598
459 473
619 485
715 605
57 342
552 428
424 411
174 923
323 681
320 538
62 330
731 686
97 1
99 382
840 921
290 641
715 828
702 601
314 383
548 48
856 207
631 818
468 761
633 838
425 14
763 797
944 403
677 224
735 575
40 405
524 26
136 488
282 588
988 557
499 474
533 263
569 762
218 893
285 632
153 368
919 309
868 59
101 912
882 434
718 370
490 840
60 26
843 839
259 44
486 534
936 569
579 996
97 936
292 313
418 394
231 815
48 957
841 396
102 621
912 41
62 243
887 536
22 534
564 131
655 788
552 819
620 570
36 393
427 733
464 25
377 864
836 265
18 322
424 703
9 535
366 547
359 983
263 347
454 157
151 481
453 658
655 483
79 450
260 472
960 817
331 837
409 741
103 195
527 713
652 216
143 338
386 34
645 708
481 575
599 805
638 995
727 363
34 390
444 675
516 920
619 998
640 463
452 818
477 653
790 324
235 390
519 741
638 742
474 133
658 748
625 881
263 89
891 437
750 55
776 61
489 292
767 210
343 104
10 750
853 837
333 539
430 812
717 919
954 28
182 205
542 750
375 96
511 616
74 79
978 296
714 141
242 762
650 404
475 297
391 169
824 294
471 485
538 114
573 745
805 503
109 924
613 218
37 87
705 203
541 275
466 893
137 491
528 592
171 210
296 124
696 190
874 389
900 259
327 820
695 607
737 62
898 303
887 253
862 785
739 421
511 932
686 294
444 236
597 578
952 947
335 908
298 402
614 56
110 801
188 936
710 813
450 118
43 441
219 356
322 318
950 549
579 66
171 610
882 604
640 593
247 468
691 221
214 864
626 270
22 800
863 706
626 896
1 925
443 761
841 848
153 715
791 676
681 2
572 981
730 990
684 356
770 937
303 797
903 808
687 524
415 49
22 280
595 130
34 560
213 391
640 698
606 594
935 497
238 327
921 311
90 314
583 188
241 362
879 752
561 846
683 188
170 452
877 987
425 920
309 522
776 750
469 604
904 756
157 493
18 575
27 991
877 573
441 39
824 673
895 777
29 889
181 406
968 202
546 764
705 809
483 99
770 720
346 591
565 607
787 822
655 79
886 600
464 903
919 666
37 113
933 274
291 133
493 637
371 991
947 744
46 341
519 518
472 134
342 857
232 807
163 550
680 885
365 379
431 180
463 662
464 378
156 628
297 395
362 383
572 549
224 460
169 102
315 420
979 226
704 664
382 461
993 165
510 136
840 160
730 67
885 174
269 725
379 922
940 517
43 348
330 383
280 584
541 375
649 387
223 108
398 464
882 406
140 403
725 284
1000 258
441 105
478 203
502 230
838 59
286 585
879 511
1000 73
67 393
769 388
449 644
475 707
633 835
687 645
57 572
221 666
813 200
265 623
686 504
313 541
747 319
735 640
488 242
778 68
50 224
967 859
107 686
696 175
924 706
927 840
700 715
745 537
254 677
568 773
472 511
876 563
250 363
126 368
778 549
61 973
99 235
660 971
610 386
83 779
747 981
880 330
145 762
157 770
115 746
73 849
195 443
777 360
910 600
639 70
768 534
680 130
103 618
350 763
924 513
844 518
123 185
636 188
538 92
694 909
568 683
984 51
186 373
687 747
746 216
159 497
657 751
592 766
443 488
575 176
205 50
887 288
661 24
214 707
146 526
9 653
337 2
143 579
744 803
725 44
224 136
101 901
533 330
678 649
427 777
279 16
909 114
355 367
183 653
294 940
40 355
394 894
758 117
660 997
909 202
502 932
230 113
602 735
946 450
126 893
179 439
195 633
379 798
314 63
202 972
144 97
258 600
749 308
121 950
284 313
130 434
851 180
526 691
21 1000
159 835
30 494
66 375
543 280
654 34
814 223
928 844
270 459
86 390
604 237
11 519
328 812
680 663
768 636
115 134
379 599
941 3
720 103
651 204
971 565
278 569
736 981
209 434
812 786
428 452
910 329
414 839
853 1
699 929
545 178
709 216
448 405
404 208
910 500
400 26
682 163
151 230
43 81
485 822
517 309
202 862
475 460
729 491
497 509
446 325
681 582
180 67
124 945
48 858
78 641
797 268
432 607
574 372
614 61
434 146
140 247
109 842
105 487
456 920
425 397
432 652
977 670
919 237
931 875
492 438
973 313
81 543
52 638
6 633
960 61
267 670
982 784
643 838
849 139
638 647
72 482
666 316
548 817
140 511
25 843
83 259
701 561
178 653
95 490
993 694
682 816
520 401
235 794
475 536
801 670
707 979
638 853
555 897
68 927
754 190
318 727
23 340
239 516
55 341
479 315
393 2
721 527
42 119
99 52
23 799
572 605
578 112
725 439
595 425
175 516
654 827
926 738
518 993
730 967
770 667
36 497
567 32
809 314
626 526
114 784
931 861
270 933
260 374
303 723
167 464
69 579
626 124
223 873
401 448
186 224
891 765
315 840
718 323
704 528
507 230
137 93
848 532
131 553
196 370
500 695
544 422
463 147
805 673
484 842
27 504
79 88
970 639
445 246
750 503
169 917
816 824
920 554
808 801
722 565
284 55
450 229
774 681
137 289
383 532
16 519
367 158
698 683
525 445
287 869
453 625
318 429
442 907
312 243
22 894
688 235
481 163
162 3
786 560
931 813
546 572
867 649
877 788
512 682
33 957
806 560
531 628
841 92
762 413
146 200
999 577
734 86
362 290
199 767
100 657
247 944
812 926
34 348
178 179
697 644
157 471
16 632
489 761
322 1000
681 642
381 180
202 127
154 628
12 782
483 432
816 873
17 500
647 109
52 990
533 35
49 8
338 323
222 622
193 93
480 637
183 401
88 865
287 706
265 100
722 830
342 425
111 255
521 119
534 821
864 591
477 794
599 97
396 570
542 282
888 522
715 754
58 145
751 704
670 760
994 733
989 245
894 783
155 596
544 912
35 11
293 892
988 581
58 92
239 63
221 612
424 856
54 278
395 600
908 126
95 844
630 332
991 125
917 254
154 273
326 122
958 881
141 67
846 443
983 228
663 513
574 55
936 554
82 171
296 638
398 574
627 802
70 853
927 845
119 1
407 392
577 841
765 133
608 646
669 129
764 52
167 856
480 63
581 166
811 401
218 984
394 529
536 41
990 446
783 344
555 53
962 954
840 697
850 310
776 255
799 977
944 73
333 128
214 785
825 67
545 309
848 44
155 922
57 86
392 219
18 157
753 857
764 733
798 93
933 553
750 611
415 945
732 146
160 364
72 779
956 796
203 849
376 113
155 271
243 577
336 321
147 936
819 650
275 31
201 864
60 574
573 638
148 873
676 70
643 194
324 92
142 122
37 202
562 795
635 138
578 1000
781 393
964 610
783 77
325 164
483 352
98 467
267 353
319 647
304 63
466 690
846 728
866 331
978 368
677 547
94 674
187 307
535 41
446 364
417 138
759 426
880 435
41 431
935 445
49 971
378 291
794 10
499 502
148 761
160 406
867 821
434 601
233 189
182 763
488 961
391 92
211 620
843 1
696 408
848 988
684 55
96 635
880 293
273 587
832 603
587 999
176 295
651 375
604 601
889 433
832 57
200 560
714 340
126 64
415 405
984 282
433 127
210 922
118 872

